97.7348889672811	98.06818744525	        98.2058762716154	98.1497890891245	98.2272134130076	98.1950093958728	98.1610348086303	98.0676387826243	98.0841064529064	98.0423658493956	98.1076991454232	98.1031932710726	98.1226598238207	98.1010561051527	98.1054722825472	98.1265374583407	98.1632386516347	98.1230339617125	98.1487900466944	98.086820784438	        98.0177325010046	97.9694452070991	98.2754305198711	98.1524019342269	98.1183723297808	98.1187784914297
53.7295133846772	69.5868663642341	76.8976602177127	81.0069219221428	83.2407166908459	85.3286863118943	86.6222179152627	87.1135130253079	88.9226683727077	92.0084421280445	95.2321249309025	96.5823414922701	97.0606091966973	97.5194192284688	97.6905209429231	97.7228374391148	97.7120362408736	97.8039071071431	97.7699465845155	97.7032444180352	97.7509609632737	97.6521224013155	98.1854837019425	97.9449076862147	97.800650338582	97.8671570963645
55.2606241745743	70.7655316519262	77.7653765330851	81.8905252161864	83.5553721856283	85.9603071668091	86.644165575483	87.9378201030177	88.6692321187271	89.5319304030223	92.2419657976466	94.95480158164	95.912932139803	96.8844494619499	97.2359145674533	97.2804511392838	97.2180920340217	97.4535701703662	97.3545789478469	97.2827319660611	97.4577756378587	97.3037562452144	98.086258235971	97.7165799780787	97.4518453651694	97.5905313964332
56.5430158321486	71.7728238820563	78.6013945413757	82.4960717911982	84.0642711464031	86.0126018514126	87.1413841666719	88.34284395333	88.9578214145113	90.2521402632814	89.1302336028389	93.2089391633903	94.6688384014451	96.1884588361781	96.735683425455	96.7935377827783	96.6750307616571	97.0672093166513	96.8971377014644	96.8196784847398	97.1340492448136	96.9195570470031	97.9762403046079	97.4641152894687	97.0671615088326	97.2849794032487
58.1109289492839	73.4689132305425	79.7440828713633	83.1413446987029	85.0901531553612	86.6760429335814	87.7860845380197	88.0025451094204	89.3016184191804	89.980805448947	89.4613730997244	91.3313644074423	93.3156452517815	95.4222071631789	96.1825962236786	96.2550185146398	96.0751429230717	96.6389670751057	96.3908892026058	96.3072845662102	96.7747473805722	96.4936963530957	97.8535678446372	97.1834726793879	96.6407627389993	96.9457136456552
59.6028301210393	74.9162138702989	80.922310289396	83.9199632359778	86.1455546757384	87.4959331177061	88.4165530944547	88.5934931776609	90.0797730697023	90.3569572128926	89.2029544964665	89.4285619270203	91.838343559725	94.5744894661167	95.5678082659287	95.656229997049	95.4090164773289	96.1616433066585	95.8275819237474	95.7372202434633	96.3736648102612	96.0190092037034	97.715924296158	96.8696558636159	96.1654747521692	96.5668284924136
60.9230096112677	75.8848973732051	81.9210725707018	84.7250941343522	87.4009347692602	87.9627405380992	88.8114612172407	89.2087997420439	91.4918043625036	90.5929434960097	91.1085950343027	89.1579243058272	90.2190387394743	93.6315844306398	94.8803849059464	94.9864548062698	94.665039400806	95.6262871042146	95.1969932121379	95.0991686447013	95.9230640869771	95.4865877480255	97.5603909228314	96.5164131570351	95.6323780404664	96.1409534626857
61.8721714508836	76.2428006466931	82.331111412105	85.4654944278935	87.5585829966817	88.6093529268389	88.9511185385527	89.949607593748	90.1801165763557	91.1202473020739	91.3214980243303	90.8523941349686	92.4096202663618	92.5765060100626	94.1066454879064	94.2322742909262	93.8287170112879	95.0216302099073	94.4863033293408	94.3801960193067	95.4131715152923	94.8852169772571	97.3832375472105	96.1158167438837	95.0302428617292	95.6587690181201
63.3222028217122	76.8083307909757	83.2154721961478	85.5023029308874	87.6289485022871	88.812109102416	89.361219547102	90.2545816090866	90.3784816555543	91.465561821505	91.4628080998074	91.8103783537742	91.6360746933399	89.9208499878264	93.2292435983344	93.376660318433	92.8817182623079	94.3332851770044	93.6792147731044	93.5638658456073	94.8314601328311	94.2005760601287	97.1796195008897	95.6576605902071	94.3447294890175	95.108316691844
64.7143080607107	77.597452773935	84.1745103205681	85.9949597989442	87.9985414830805	88.9321911757981	89.3632140610625	90.1933220531376	89.798862106172	91.3587892162348	91.3633210196733	91.9399076870832	92.1873132791374	92.0155595419188	90.195442609381	92.3976741342525	91.8005165772907	93.542585840938	92.7546871581072	92.6289669215438	94.1616067599484	93.4140832339315	96.9431277945703	95.1285787345145	93.5572315207785	94.473993877785
66.0732576762542	78.8445700663705	84.5943070921053	86.9750996234719	88.6527038912028	89.452647422483	88.7955008222681	90.4637222384088	91.3033477863051	91.8446361473543	92.0269427900887	91.4134012938952	92.4034885583798	92.172108098007	92.338553101715	92.5307784728319	90.55440877912	92.6248689920194	91.685076503851	91.5476438348205	93.3819360984536	92.5011837414168	96.6651022842785	94.5107197399315	92.6431614575528	93.735051247264
67.041321679905	80.2880811551124	85.1072401490815	87.7748352096271	88.8113255804667	89.9545774860206	88.4769512530141	91.2088547340041	92.0019555534297	92.1009353683248	92.2358845325132	92.5781861747342	93.3210786178217	92.7201942295722	92.4970827631135	92.6793621765388	91.486999471834	92.5762379752392	90.4333239515203	90.2825743802918	92.4630312682975	91.4287401346264	96.3335481263216	93.7796927784443	91.5693373781989	92.8632798742753
67.8898515044283	80.6331902625824	86.8373008681954	88.6615327686716	89.129002529908	90.9747807219166	91.3252979919746	92.618545163401	92.877313952807	92.4481216418544	92.3009006724658	92.837025161993	92.8929065341094	92.7312659189125	93.185426642161	92.673430881803	92.6942810995449	92.403943702437	91.6735860613578	91.3807249779718	91.3639386970749	90.1509233062968	95.9313597173954	92.9012713430487	90.2898682047859	91.8193279369841
69.6506946742539	80.6024445897238	86.8659581134399	89.2030128547537	89.9776306595378	90.7387008010899	91.308721857895	92.4910771247804	91.1774508191965	92.1922526563892	92.8025733452284	92.6521035277272	93.1535627252285	93.8256330046436	93.4350665414847	93.7346183213614	93.7258314120313	92.5991202671171	92.4267756624846	92.2812604879639	91.6489503313418	89.6153550723209	93.5854209446715	91.8258795585151	88.739424630455	90.5465958549705
70.5975831211045	81.4323511315679	86.7103371501847	88.9400311792554	89.7777559273704	91.0374081624497	91.4916346779841	92.6501369003187	92.632729261638	91.4468215822001	91.818894200746	93.2752848859315	93.4469454348552	93.3885072899112	94.2017786478997	93.1323099663124	93.1259425367355	93.0004801680487	92.9564879643209	92.696556184674	92.2578097565039	91.6799150303431	92.0121649552556	91.3756218836883	90.9622156151337	87.7442342634303
72.2774299839151	82.9165428199027	87.8756815444349	89.899457724582	90.854313582052	90.8244468461527	91.6576399647077	92.2179006561505	93.5656052764208	93.0081807410813	92.3326872784527	95.171504326145	94.433170568754	92.6514230256981	93.9191735306866	93.4105419348307	93.4007842685018	93.231614342638	92.9366030518426	92.9105235914926	93.9173935111207	92.6383607476132	92.5273210661943	92.3401299953839	91.4373037809785	91.8124930301537
73.3238923222754	83.4587853011739	87.1225338357154	89.5323735860871	91.820416046825	91.9956799228578	90.3623530020681	92.8920044477241	92.3129486517832	93.3099931383927	93.7204618679906	93.4845765495452	94.0147765220465	93.8071612997666	94.7563681152507	93.54283470135	93.4169029314162	93.4923572807295	92.8500739058875	92.7177979563739	93.0906049765834	92.6105618756465	92.4838942333149	92.4244270763406	91.7953633785431	92.2136525805196
74.7449837864206	84.3637126698088	86.8569074440533	90.4698772607236	90.4852739159549	91.3278036312664	91.8664746350114	93.0592521399511	92.3493350139677	93.071958376609	92.6203189558093	92.8477900919404	93.2191697954226	93.4794623036699	93.1639788756564	93.8531267095957	95.3309576750526	90.5623890969257	93.3638431479265	91.9293911691538	92.2599471168735	92.3031782555412	92.325033764637	92.0666606326942	91.3301443877542	92.1711487460197
75.734160196436	84.8825730730436	87.0257952300791	88.6655941163751	90.0728591505597	91.0042559321942	92.0537914942355	91.5188428507666	91.7496802805527	92.7798831066721	93.0549058310114	91.852180717725	92.9620386142301	92.8512737554374	91.8013435056574	92.5847468745809	93.0179279354582	92.3604314005256	92.8492730837397	91.6391654106716	92.2201686950064	91.8388200259598	91.4617870217741	92.4057105641033	89.3701325449065	90.2824096228515
76.8396899518021	84.2607303276665	86.8354244413659	87.6396400890056	88.7224556045641	88.083327989699	88.7094894592271	90.2447667601	90.1275985559964	89.825759385957	91.3071677817189	91.6074900545883	90.6120495580685	90.7794711778093	90.4992778626658	90.8667855403335	91.2389756844028	89.6736590065461	90.2485532348517	90.5387649472301	90.6225158718618	90.4925867104467	89.7019476658124	89.5298262296349	88.0747909018018	89.4893650570982
78.8227274510535	82.4430102206785	83.3970050615144	84.6057031760492	84.4507389960279	84.923101645825	85.2536962960432	84.3801847731195	83.7012755072401	84.0849526633365	84.5717388915435	84.4888428551524	83.8731085563143	84.5911735878661	83.1943086785718	83.5219046617392	84.5581307999703	84.0567934584569	84.355776029939	84.6253390271774	84.3318379281349	83.6145690743129	83.0390677909699	82.1450539843835	82.5296305917306	83.2491043535713
60	60	60	60	60	60	60	60	60	60	60	60	60	60	60	60	60	60	60	60	60	60	60	60	60	60
77.8187756052516	82.5046031654382	84.5850240372475	83.7580408349983	84.9300683525603	84.4597518679254	83.9354253120425	82.5149163871253	82.7567121397601	82.1370286549514	83.1198328137753	83.0566107897091	83.3385230613959	83.0398563530111	83.0684501152878	83.3871470163377	83.9504572117591	83.3341470812983	83.732801734331	82.8239511861716	81.8465710558533	81.1472664570962	85.524488577503	83.6548142223509	83.2392213083865	83.2726172821133
76.7446105583895	82.6951133439235	86.8547571586504	87.7854203700143	88.0960698954229	88.4399081177317	87.8365936562147	87.6887617772952	88.1148657314027	87.9088495341235	88.6456414776456	88.7393733515352	88.9836286400923	88.3170991641429	89.3705372846626	89.3819685340071	89.1832894748993	89.2773504478315	89.3623228703376	88.0569943726235	89.6737475477881	87.6038743139165	90.060511917229	89.6509813488949	89.451204490735	87.8536219292691
74.2310921551362	84.3662995893178	86.4385528314953	88.2546325184647	89.4796356955627	90.303543662989	89.4525769171547	89.2011795989081	89.9898951983754	91.202455722012	90.3748978318134	90.4699828564764	90.6364345836542	90.8086693257941	90.8058976983547	91.254601610005	91.4071910211637	91.0165093932367	90.4242605565869	88.3729985319292	91.3692126374269	88.6463186015489	90.9101828419046	91.2777330306579	91.2161142314019	91.0343568422071
72.5552761959384	83.0521611392804	86.2550806923543	88.1153997765822	90.8683269454675	90.2617727831641	90.1624914024219	89.8683533234842	90.8817575853836	90.6609701282691	90.8607960311813	91.6055247083562	91.8635301760506	91.9892903554517	91.789069114179	91.4904130955248	91.9839704425658	91.7193815035387	91.9059616920243	91.707073191167	91.5204456245465	90.8021542358989	92.3539292590778	91.9052051039539	91.2415730336677	91.6387932452321
71.5663012223913	82.3522894387837	85.9660156689963	88.641709850742	89.2064004408219	92.1055540959761	89.9362876888789	89.9210444154759	92.1938122884655	91.2300221803609	91.7424891053114	90.7089532197427	94.8681422378121	92.401403120346	92.3137589451429	92.6246087001872	92.3882941086844	92.6368129273969	92.2828357456791	92.1067048246686	91.4117830868715	91.017247069673	92.3572493420354	91.9924925433358	90.9563657533457	90.9870101024694
70.3476818674662	80.8523745432957	86.8086998006782	87.2939448051656	89.5983011661307	90.2185391008513	89.8340788993101	90.620575498318	90.3439759250236	90.9414973540711	92.299812751105	90.7092767006133	92.5260216055112	92.9235319031774	92.728815598812	93.4560981730643	92.6298636114929	92.3099695361461	93.0625759906795	91.7185512142285	91.6749579463695	89.6017598802911	91.6184032299765	90.996625131673	91.2428904686235	91.3125790269865
69.178649043539	80.2031061164475	85.179824801467	85.9476945070094	88.8082693199495	90.2288793274666	90.0510749950431	91.6599665256819	89.3283646218783	90.5975645359779	91.8717681858679	92.052574422435	92.5181255942594	93.4820685046421	92.5452865634941	93.161384425297	92.2646558690784	92.2059711550273	92.6318006407832	91.3997200601179	88.9487976531205	90.6699468068804	91.8723608908836	91.7949037812539	92.1774115504027	91.9864944551203
67.7238488220946	79.973301370001	84.1763194681039	87.1014371100283	88.6493279035961	89.6806530954619	90.8542706311833	89.6493794647979	90.6158022480196	91.5104407183004	91.780045548791	92.2704757364343	92.5816702503305	92.3608074239351	92.1902590876162	91.5589686940075	92.1996807588872	91.4866960335537	92.1389920483815	91.4495480825099	93.0010315630103	91.2129452723948	92.507175358908	92.4027638419914	92.8908238838026	92.498423850359
66.6713768193928	79.4044404743283	84.7744562127118	86.7161184087867	88.0008035390386	90.1928364755059	88.0263839673609	89.1796710675763	90.9433772729265	91.3588672958446	92.3244475460083	91.7931004675252	92.7152771719422	92.2437164989284	93.1733185373986	91.4145195423253	93.1644441004001	91.9343484530475	92.6613132753823	91.9686333284207	93.3647551427774	91.6397453661877	93.006951859737	92.8810778291004	93.4532981129579	92.900504942201
65.0961229611537	77.6557596133203	83.4158858815339	86.1469806249503	88.221062453728	87.3130981777534	88.9289956816625	90.3278659744332	90.6810941341109	90.9369148121573	92.3384612091123	91.7058459727326	91.6225487411753	91.8339242728007	92.0023003437458	91.8741769070419	90.2387432772545	92.5169355187744	93.0834072632289	92.3881174245915	93.6577669216059	91.9840406026817	93.4106361089895	93.2672707189617	93.9081531291452	93.2246683320098
63.4599845867073	76.7067424648549	82.4155562656859	85.3852109374962	87.1247793490315	87.3581154610178	88.9201813368873	89.974236087832	90.2803821372826	89.8597447068162	91.5180173470869	91.6453313653582	91.6369034629578	89.7773624963411	91.0578440348442	92.3232891070652	90.9256990805494	92.999058583158	93.431597093566	92.7341577878549	93.8988607452317	92.2676460063181	93.7435110733531	93.5856179940211	94.2835786097421	93.4915623818729
62.9237575785538	77.3062917036447	81.9925814806173	85.2061402839506	89.2555812956252	88.252764321854	88.6093567203264	89.0766521806371	89.4026013838242	90.7290824931231	91.6310958178076	91.2159165417177	91.4261647730409	90.8137519069006	91.7593298360696	92.7008806873359	91.5061141696377	93.4046415829959	93.7237300748487	93.0244897691662	94.1007124186532	92.5053087516197	94.0227052486335	93.8525545107165	94.5987095221338	93.7151317998472
61.5620499010638	74.9100588621784	81.0843200513927	82.7335384545386	87.2558719310491	87.621912349418	88.9811199441711	87.9078336385031	89.8247482843069	90.5363667909795	91.0311661563639	90.3904585364218	89.0223083173047	91.4379279340947	92.36129908214	93.0227760107908	92.0029901440121	93.7505709302669	93.9723349863905	93.2715637657745	94.2721818863547	92.7073560795137	94.2602349153921	94.0796035026704	94.8669914250638	93.9051339017507
59.4127504729031	73.8866094670145	80.1656942486225	83.8628587184335	85.6854710671768	87.0003110268999	87.8532976933436	90.5029007058289	89.5954554224397	90.3455848084023	94.3961993892325	90.5214258488589	89.567948261802	91.9797302310883	92.8835260615245	93.3004517765181	92.4331518732521	94.0491059656578	94.1864658782039	93.4843773129418	94.4196486172148	92.8812357668597	94.4647789653838	94.2750838475443	95.0981487074056	94.068600621979
58.5995092943742	73.2995225324096	79.5373733714584	84.9628906991059	85.3863793757779	86.9770593514564	86.8075004128186	88.313019243105	89.1313464482358	92.082701650858	91.7032175798414	85.8058465046025	90.100530312156	92.4544559346147	93.3408715463874	93.542434177614	92.8091903966464	94.3093621913543	94.3728285664557	93.6695944510266	94.5478228806262	93.0324543034494	94.6427623276204	94.4451514931523	95.2993886129711	94.2107279599314
57.7595120621735	72.2776655570165	78.0529920523245	81.197827100415	84.3771978097109	86.178249684804	86.2984488239925	86.7750658588901	88.7783096345159	92.0280685827356	89.8689044637398	86.9977354510652	90.5717043435432	92.873835320897	93.7447196721194	93.7551898105443	93.1407158583137	94.5382583286289	94.5364955671034	93.8322561484816	94.6602581640547	93.1651707008791	94.7990430677312	94.5944595126806	95.4761661886058	94.3354384373167
56.7061369834615	70.4796281219556	76.6037887985765	81.3560509677141	84.3284039976187	83.9535994498096	86.5488321755905	87.5070208123232	86.4582883224783	87.9495162994778	89.8526326189207	88.0769165453988	90.9915121759082	93.2470141555706	94.1039384471917	93.9437121554833	93.43519036195	94.7411404768518	94.6813748224588	93.9762460786977	94.7596857449538	93.2825849030042	94.9373625839368	94.7265903512205	95.6326862587677	94.4457487162525
55.879874240957	69.577980799224	76.7987142651149	80.5274244249105	83.0691828942429	84.9514491737573	85.7895752771248	89.8419121009592	88.566774921986	86.8459538450323	89.8381736483707	89.0586549177447	91.3679193376832	93.581228333814	94.4255384985361	94.1119184510623	93.6984963663554	94.92220490844	94.8105257707976	94.1046047050027	94.8482394919472	93.3871991684244	95.0606490160608	94.8443470032125	95.772242183277	94.5440168227673
52.8486064807255	68.4755150079358	76.1510997349787	79.4719197696029	82.99299270765	84.5070467419477	85.5114191068695	85.8643681825248	87.2527977147554	88.5673228834479	89.8252405752146	89.9555781016591	91.7073253193386	93.8822776822748	94.7151351556875	94.2629248219071	93.9353336679434	95.0847914230899	94.9263777769295	94.2197463423888	94.9276107343154	93.4809983876296	95.1712268264452	94.9499540628229	95.8974501303164	94.6321125954438
51.5668567017822	66.6707447210715	74.5025493927773	78.6019738026085	81.6272041573346	82.2711456221588	84.2941657553003	85.7129770513538	87.5152903104868	90.1752701156077	89.81360395767	90.7782221189935	92.0149304011571	94.1548653791883	94.9772791233354	94.3992411119646	94.1495023932457	95.2315912504291	95.0308843900175	94.3236124503214	94.9991573290312	93.5655772250884	95.2709647455075	95.045199596781	96.0104146243105	94.7115378063753
52.4323986043137	68.4846367997252	75.8836453671621	79.8814608664451	82.7935485397353	84.3102794993272	85.8186300570081	86.6049349501062	85.3032132531849	91.6806481239806	89.8030781584599	91.5354472863908	92.2950039847336	94.4028454519005	95.2156973698745	94.5229114944301	94.3441084438164	95.3647971963884	95.1256343974501	94.4177819929564	95.0639819866355	93.6422315239446	95.3613822411393	95.1315372108825	96.1128477932771	94.7835124780233

