0
0
0
0
0
0
0
0
0
0
0
0
0.055555555555556
0.472222222222222
1.5
2.75
3.63888888888889
4.69444444444444
6.02777777777778
7.22222222222222
7.63888888888889
7.80555555555556
7.86111111111111
8
8.08333333333333
8.55555555555556
8.86111111111111
9.47222222222222
10.1666666666667
10.8611111111111
11.4722222222222
11.8055555555556
12.0277777777778
12.1944444444444
12.3333333333333
12.3611111111111
12.2777777777778
11.8611111111111
11.0833333333333
10.2777777777778
9.61111111111111
8.97222222222222
8.05555555555556
6.97222222222222
6.16666666666667
5.80555555555556
5.66666666666667
5.41666666666667
5.11111111111111
4.94444444444444
4.94444444444444
4.83333333333333
4.36111111111111
3.63888888888889
3.36111111111111
3.33333333333333
3.33333333333333
3.33333333333333
3.41666666666667
3.5
4.08333333333333
4.25
4.41666666666667
4.5
4.75
4.94444444444444
5.02777777777778
5.11111111111111
5.63888888888889
6.44444444444444
7.36111111111111
8.27777777777778
9.05555555555556
9.55555555555556
9.86111111111111
10.1111111111111
10.3888888888889
10.6944444444444
10.9166666666667
10.9722222222222
10.8333333333333
10.6944444444444
10.3611111111111
10.2777777777778
10.1944444444444
9.97222222222222
9.80555555555556
9.61111111111111
9.5
8.86111111111111
7.58333333333333
6.11111111111111
4.72222222222222
3.94444444444444
3.33333333333333
2.52777777777778
1.61111111111111
1
0.611111111111111
0
0
0
0
0
0
0
0
0
0
0
0
0
0
0
0
0
0
0
0
0
0
0
0
0
0
0
0
0
0
0
0
0
0
0
0
0
0
0
0.055555555555556
0.527777777777778
1.69444444444444
3.25
4.55555555555556
5.25
5.52777777777778
5.77777777777778
6.33333333333333
7.05555555555556
7.69444444444444
8.11111111111111
8.27777777777778
8.16666666666667
7.55555555555556
6.27777777777778
4.80555555555556
3.69444444444444
3.33333333333333
3.5
3.91666666666667
4.77777777777778
5.58333333333333
6.5
7.08333333333333
7.66666666666667
8.19444444444444
8.63888888888889
8.91666666666667
9.22222222222222
9.77777777777778
10.3333333333333
10.5555555555556
10.3888888888889
9.75
8.61111111111111
7.52777777777778
7.02777777777778
6.97222222222222
7.19444444444444
7.72222222222222
8.11111111111111
8.22222222222222
8.19444444444444
8.11111111111111
7.86111111111111
7.25
6.55555555555556
5.83333333333333
5.25
4.75
4.36111111111111
4.02777777777778
3.80555555555556
3.58333333333333
3.47222222222222
3.38888888888889
3.33333333333333
3.33333333333333
3.33333333333333
3.33333333333333
3.47222222222222
3.61111111111111
3.88888888888889
4.16666666666667
4.58333333333333
5.27777777777778
5.88888888888889
6.61111111111111
7.47222222222222
8.22222222222222
8.88888888888889
9.77777777777778
10.4166666666667
10.8888888888889
11.25
11.5555555555556
11.9722222222222
12.5
13.0833333333333
13.6111111111111
14.0555555555556
14.3888888888889
14.6388888888889
14.75
14.8611111111111
14.9444444444444
15.0555555555556
15.2222222222222
15.3611111111111
15.5
15.6111111111111
15.6944444444444
15.6944444444444
15.6111111111111
15.25
14.6944444444444
14.1666666666667
13.8333333333333
13.6666666666667
13.4444444444444
13.0277777777778
12.3055555555556
11.5277777777778
10.9722222222222
10.2777777777778
9.61111111111111
8.97222222222222
8.05555555555556
6.97222222222222
6.16666666666667
5.80555555555556
5.66666666666667
5.41666666666667
5.11111111111111
4.94444444444444
4.94444444444444
4.83333333333333
4.36111111111111
4.02777777777778
4.27777777777778
4.97222222222222
5.72222222222222
6.44444444444444
7.13888888888889
7.97222222222222
9.02777777777778
10.0277777777778
10.8333333333333
11.3333333333333
11.9166666666667
12.3333333333333
12.75
12.7777777777778
12.6666666666667
12.5833333333333
12.1388888888889
11.3333333333333
10.5555555555556
9.55555555555556
8.58333333333333
7.08333333333333
5.94444444444444
5.61111111111111
6.36111111111111
7.38888888888889
8.38888888888889
9.47222222222222
10.3888888888889
11.3055555555556
12.2222222222222
13.1388888888889
13.6666666666667
13.8333333333333
13.6666666666667
13.3611111111111
13.1388888888889
13
12.9722222222222
13
13.0833333333333
13.1388888888889
13.1388888888889
13.0833333333333
12.9444444444444
12.7222222222222
12.4444444444444
12.0277777777778
11.6111111111111
11.3333333333333
11.1944444444444
11.1388888888889
11.0277777777778
10.8888888888889
10.6944444444444
10.3888888888889
10
9.55555555555556
9.16666666666667
8.80555555555556
8.33333333333333
7.77777777777778
7.25
7.11111111111111
6.91666666666667
6.91666666666667
6.75
6.63888888888889
6.63888888888889
6.55555555555556
6.47222222222222
5.69444444444444
4.86111111111111
4.69444444444444
4.63888888888889
4.41666666666667
4.33333333333333
4.16666666666667
4.02777777777778
3.97222222222222
4.02777777777778
4.27777777777778
4.94444444444444
5.86111111111111
6.69444444444444
6.94444444444444
7.02777777777778
7.08333333333333
7.33333333333333
7.38888888888889
7.52777777777778
7.69444444444444
7.80555555555556
7.83333333333333
7.80555555555556
7.77777777777778
7.75
7.75
7.80555555555556
7.83333333333333
7.77777777777778
7.47222222222222
6.94444444444444
6.44444444444444
6.08333333333333
5.86111111111111
5.75
5.75
5.77777777777778
5.88888888888889
6.13888888888889
6.52777777777778
6.75
6.80555555555556
6.61111111111111
5.91666666666667
4.91666666666667
4
3.30555555555556
2.83333333333333
2.47222222222222
2.22222222222222
2
1.69444444444444
1.36111111111111
1.02777777777778
0.638888888888889
0.25
0
0
0
0
0
0
0.138888888888889
0.583333333333333
1.33333333333333
2.30555555555556
3.41666666666667
4.61111111111111
5.80555555555556
6.72222222222222
7.11111111111111
7.11111111111111
6.91666666666667
6.47222222222222
6
5.61111111111111
5.19444444444444
4.72222222222222
4.25
3.94444444444444
3.86111111111111
3.88888888888889
3.94444444444444
4.02777777777778
4.13888888888889
4.41666666666667
4.83333333333333
5.19444444444444
5.30555555555556
5.22222222222222
4.88888888888889
4.61111111111111
4.5
4.55555555555556
4.77777777777778
5.30555555555556
6.27777777777778
7.61111111111111
8.77777777777778
9.27777777777778
9.30555555555556
9.11111111111111
8.86111111111111
8.69444444444444
8.63888888888889
8.5
8.11111111111111
7.41666666666667
6.38888888888889
5.05555555555556
3.58333333333333
2.13888888888889
1.05555555555556
0.361111111111111
0.055555555555556
0
0
0
0
0
0
0
0
0
0
0
0
0
0
0
0
0
0
0
0
0
0
0
0
0
0
0
0
0
0
0
0
0
0
0
0
0
0
0
0
0
0
0
0
0
0
0
0
0
0
0
0
0
0
0
0
0
0
0
0
0
0
0
0
0
0
0
0.138888888888889
0.694444444444444
1.83333333333333
3.27777777777778
4.66666666666667
5.69444444444444
6.08333333333333
6.08333333333333
5.91666666666667
5.63888888888889
5.33333333333333
4.94444444444444
4.30555555555556
3.30555555555556
2.11111111111111
1.11111111111111
0.555555555555556
0.277777777777778
0
0
0
0.055555555555556
0.333333333333333
0.888888888888889
1.44444444444444
2.27777777777778
3.61111111111111
5.22222222222222
6.41666666666667
6.80555555555556
6.80555555555556
6.75
6.55555555555556
6.19444444444444
5.58333333333333
5.13888888888889
4.77777777777778
4.52777777777778
4.27777777777778
4.08333333333333
3.97222222222222
3.80555555555556
3.69444444444444
3.63888888888889
3.63888888888889
3.69444444444444
3.83333333333333
4.02777777777778
4.58333333333333
4.72222222222222
4.72222222222222
4.72222222222222
4.27777777777778
2.80555555555556
1.33333333333333
0
0
0
0
0
0
0
0
0
0
0
0
0
0
0
0
0
0
0
0
0
0
0
