0
0
0
0
0
0
0
0
0
0
0
0.277777777777778
0.583333333333333
1.33333333333333
2.52777777777778
3.94444444444444
5.5
7.08333333333333
8.47222222222222
9.66666666666667
10.7777777777778
11.9166666666667
12.8888888888889
13.4166666666667
13.5277777777778
13.4722222222222
13.4444444444444
13.3888888888889
13.2777777777778
13.0555555555556
12.75
12.4722222222222
12.3333333333333
12.3055555555556
12.3611111111111
12.5277777777778
12.6944444444444
12.7777777777778
12.7777777777778
12.7777777777778
12.8055555555556
12.9722222222222
13.25
13.5833333333333
13.9722222222222
14.3333333333333
14.6111111111111
14.7222222222222
14.7222222222222
14.6944444444444
14.6388888888889
14.6111111111111
14.75
15.0833333333333
15.3333333333333
15.4166666666667
15.5277777777778
15.6388888888889
15.75
15.8055555555556
15.7777777777778
15.5555555555556
15.0555555555556
14.4722222222222
13.9166666666667
13.1111111111111
12
10.8888888888889
10.1388888888889
9.52777777777778
8.61111111111111
7.22222222222222
5.75
4.27777777777778
3.63888888888889
3.33333333333333
3.47222222222222
3.88888888888889
5.27777777777778
6.44444444444444
7.77777777777778
8.88888888888889
9.44444444444444
10
10.5555555555556
11.1111111111111
11.1944444444444
11.25
10.8333333333333
9.91666666666667
8.83333333333333
7.52777777777778
6.33333333333333
5.86111111111111
5.25
5.25
5.91666666666667
6.63888888888889
7.19444444444444
7.88888888888889
8.41666666666667
8.58333333333333
8.63888888888889
8.83333333333333
9.08333333333333
9.22222222222222
9
7.86111111111111
7.16666666666667
6.41666666666667
6.05555555555556
5.88888888888889
5.83333333333333
5.83333333333333
5.80555555555556
5.52777777777778
4.97222222222222
4.19444444444444
3.55555555555556
3.33333333333333
3.66666666666667
4.75
5.86111111111111
6.05555555555556
5.88888888888889
5.13888888888889
3.86111111111111
3.33333333333333
3.33333333333333
3.61111111111111
4.44444444444444
5.13888888888889
5.72222222222222
6.25
6.66666666666667
7.38888888888889
8.30555555555556
9.66666666666667
10.5
11.1666666666667
11.5555555555556
11.6388888888889
11.6666666666667
11.7222222222222
11.7777777777778
11.8611111111111
11.9722222222222
12.1388888888889
12.2222222222222
12.25
12.5833333333333
12.8888888888889
13.1111111111111
13.1388888888889
13.1666666666667
13.1666666666667
13.1944444444444
13.3055555555556
13.5
13.7222222222222
13.8333333333333
13.8333333333333
13.8055555555556
13.6944444444444
13.4722222222222
13.2222222222222
12.8611111111111
12.1388888888889
10.9166666666667
9.47222222222222
8.05555555555556
6.58333333333333
5.11111111111111
3.97222222222222
3.33333333333333
3.55555555555556
4.44444444444444
5.30555555555556
6.22222222222222
7.11111111111111
8.36111111111111
9.80555555555556
11.0833333333333
12.3611111111111
13.1944444444444
14.1388888888889
15.0277777777778
15.6388888888889
16.1388888888889
16.6111111111111
16.9722222222222
17.25
17.4444444444444
17.5833333333333
17.6666666666667
17.7777777777778
17.9722222222222
18.1111111111111
18.1388888888889
18.1388888888889
18.1666666666667
18.25
18.3333333333333
18.2222222222222
17.6388888888889
16.5833333333333
15.1666666666667
13.6944444444444
12.4722222222222
11.75
11.5
11.4722222222222
11.6944444444444
12.4166666666667
13.4444444444444
14.2777777777778
14.6388888888889
14.7222222222222
14.5833333333333
14.25
13.8055555555556
13.1666666666667
12.1388888888889
11.0277777777778
9.86111111111111
8.63888888888889
7.30555555555556
6.08333333333333
5
4.72222222222222
5
5.94444444444444
6.88888888888889
7.75
8.55555555555556
9.16666666666667
9.75
10.3055555555556
10.8055555555556
11.5
12.2222222222222
12.8611111111111
13.25
13.3888888888889
13.5277777777778
13.6944444444444
13.8333333333333
13.9444444444444
14.1388888888889
14.3888888888889
14.5833333333333
14.8055555555556
15.1388888888889
15.4722222222222
15.6944444444444
15.7777777777778
15.8333333333333
15.8888888888889
16.0277777777778
16.3055555555556
16.6944444444444
16.9722222222222
17.1388888888889
17.3055555555556
17.4722222222222
17.5833333333333
17.6111111111111
17.6388888888889
17.9166666666667
18.2777777777778
18.5555555555556
18.7222222222222
19.1111111111111
19.75
20.0833333333333
20.2222222222222
20.3888888888889
20.7222222222222
21.1111111111111
21.2777777777778
21.25
21.1666666666667
21.0555555555556
20.9444444444444
20.7777777777778
20.5277777777778
20.1944444444444
19.8055555555556
19.5555555555556
19.4444444444444
19.4444444444444
19.1666666666667
18.8888888888889
18.8888888888889
18.8888888888889
18.9166666666667
19
19.0555555555556
19.0833333333333
19.0277777777778
18.9166666666667
18.6944444444444
18.3888888888889
18
17.6666666666667
17.3888888888889
17.25
17.1944444444444
17.1944444444444
17.1666666666667
17.0833333333333
16.9166666666667
16.5833333333333
15.1666666666667
13.6944444444444
12.4722222222222
11.75
11.5
11.4722222222222
11.6944444444444
12.4166666666667
13.4444444444444
14.2777777777778
14.6388888888889
15
15.8333333333333
16.1388888888889
16.4444444444444
16.3888888888889
16.4166666666667
16.5277777777778
16.8055555555556
17.3055555555556
17.75
18.0833333333333
17.8055555555556
17.4166666666667
17.2222222222222
17.0277777777778
16.9166666666667
16.8055555555556
16.7222222222222
16.6111111111111
16.5
16.2777777777778
15.9722222222222
15.7222222222222
15.5555555555556
15.4166666666667
15.2777777777778
15.1111111111111
15.0277777777778
15
14.9722222222222
14.9722222222222
15
15.0555555555556
15.2777777777778
15.5
15.6111111111111
15.5833333333333
15.3055555555556
14.6388888888889
13.4444444444444
11.9722222222222
10.5
9.02777777777778
7.55555555555556
6.97222222222222
7.22222222222222
8.13888888888889
9.61111111111111
11.2222222222222
12.5833333333333
13.6111111111111
14.1944444444444
14.4722222222222
14.5
14.4722222222222
14.3611111111111
14.1388888888889
13.6666666666667
12.75
11.2777777777778
9.80555555555556
8.33333333333333
6.86111111111111
5.36111111111111
4.44444444444444
3.66666666666667
2.97222222222222
2.44444444444444
2
1.52777777777778
0.888888888888889
0.305555555555556
0
0
0
0
0
0
0
0
0
0
0
0
0
0
0
0
0
0
0
0
0
0
0
0
0
0
0
0
0
0
0
0
0
0
0
0
0
